//p0 p1 canParentSpawn canSuiciderSpawn 
162 379 291 369 1 0
149 379 428 369 0 1
257 555 424 545 0 1
223 252 382 242 1 1
404 779 477 769 0 1
515 764 752 754 1 0
752 764 992 754 1 0
992 764 985 1223 1 0
752 299 795 289 1 0
752 299 993 289 0 1
1635 299 1777 289 1 0
98 1292 336 1282 1 0
386 1308 565 1298 1 0
609 1300 816 1281 1 0
816 1300 1056 1281 1 0
1056 1300 1296 1281 1 0
1424 1115 1664 1105 1 0
819 1733 962 1713 1 0
2048 1244 2152 1234 1 0
2152 1244 2265 1234 1 0
1921 859 1921 1192 1 1
1922 299 2160 289 1 0
2160 299 2368 289 1 0
2368 299 2529 289 1 0